    174.65          0
   174.348    3.04317
   172.945    6.03918
   172.164    9.02245
   171.232    11.9733
   171.121    14.9707
   170.461    17.9157
   169.998    20.8726
   169.286    23.7909
   168.771      26.73
   109.486    19.3048
   109.206    21.2269
   108.452    23.0515
   108.935    25.1488
   109.328    27.2578
   112.434    30.1257
   180.141     51.653
   176.773    54.0434
    187.81    61.0214
   204.942    70.5649
   205.911     74.943
   203.755    78.2116
   201.501    81.4091
   199.451    84.6593
   197.601    87.9747
   196.013    91.3992
   193.736    94.4883
   191.768    97.7074
   189.791     100.91
   187.935    104.171
   185.244    106.947
    183.95    110.524
   181.654    113.506
   179.855    116.795
   177.996    120.056
   175.854    123.129
   174.143    126.518
   172.108    129.688
   169.701    132.579
   168.333    136.307
   165.909    139.208
   163.832    142.411
   161.526    145.432
   159.365    148.604
   157.251    151.849
   155.496    155.489
   153.228    158.665
   151.118    162.046
   148.936    165.402
   146.404     168.41
   144.214    171.858
   142.719    176.234
   140.422    179.722
   137.429    182.365
   135.534    186.535
   133.391     190.49
   130.298    193.162
   128.404    197.713
   126.392    202.256
   123.371    205.309
   120.356    208.449
   118.494    213.753
   116.154    218.438
   113.187    222.124
   110.028    225.571
    107.87    231.309
   104.549      234.8
   100.983    237.878
   98.1929    243.011
   54.9429    143.116
   51.5988    141.751
    51.201    148.681
   47.9186     147.46
   44.7018    146.193
   41.2408    143.803
   38.6731    144.308
   36.4089    146.004
   55.9268    242.202
   51.2079    240.867
   45.8992    236.079
   41.1555    233.349
   36.8696    232.723
   32.1691    228.825
    27.546    224.265
     23.39    222.449
   19.3997    221.628
   15.2218    217.543
   11.3417    216.228
   7.49041    214.219
     3.693    211.018
0.00962787    207.825
  -3.59033    206.244
  -7.13947    204.726
  -10.5635    201.749
  -13.9817    200.087
  -17.3887    198.866
   -20.585    195.947
  -23.7396    193.424
  -26.9725     191.99
  -30.1978    190.724
  -33.1528    188.075
  -36.2345    186.462
  -39.3064     184.97
  -42.1967    182.818
   -45.018    180.599
  -48.0271    179.278
  -50.8179    177.259
  -53.5748     175.27
  -56.2778    173.238
  -59.1461    171.804
  -62.0755    170.581
  -64.7474    168.702
  -67.4757    167.036
  -70.0973    165.166
  -72.7454    163.415
  -75.3433    161.599
  -77.9986    159.945
  -80.7554    158.515
  -83.3686    156.817
  -85.9957    155.163
  -88.7155    153.682
  -91.3583    152.067
   -93.932    150.344
  -96.6232    148.807
  -99.2194    147.119
  -101.958    145.631
  -104.572    143.951
  -107.174    142.244
  -109.794    140.549
  -112.466    138.903
  -115.098    137.187
  -117.704    135.422
  -120.602     133.96
  -123.501    132.457
  -126.071    130.569
  -128.419    128.437
  -131.253    126.767
  -134.268    125.224
  -137.157    123.515
   -139.65    121.414
  -143.031    120.035
  -145.609    117.929
      -148    115.647
  -151.273     114.01
  -154.999    112.631
  -158.006    110.655
  -160.286    108.132
  -164.057    106.557
  -167.185    104.486
  -169.604    101.926
  -173.436    100.151
  -177.453    98.3817
  -180.732     96.115
  -183.406    93.4684
  -187.571    91.5029
  -191.858    89.4836
  -196.086    87.3218
  -198.684    84.3554
  -203.765    82.3457
  -207.318    79.6015
  -209.898     76.416
  -215.359    74.1741
  -221.471    71.9808
  -225.084    68.8359
   -228.15    65.4418
  -234.232    62.7835
  -241.138    60.1442
  -245.683    56.7425
  -249.765    53.1118
  -256.102    49.8043
  -264.417    46.6477
  -269.907    42.7734
  -274.623    38.6205
  -282.153    34.6695
  -288.135    30.3103
  -292.754    25.6393
  -305.303    21.3766
  -260.441    13.6729
  -259.941    9.10118
  -302.878    5.31468
    -297.9  0.0276015
  -294.981   -5.12141
  -293.072   -10.2068
  -288.381   -15.0862
  -285.181   -19.9146
  -281.925   -24.6382
  -235.928   -24.7742
  -276.849   -33.9658
  -274.976   -38.6183
  -272.977    -43.208
  -268.315   -47.2842
  -265.167   -51.5162
  -263.127   -55.9022
  -260.991   -60.2272
   -258.42    -64.404
  -216.711   -58.0443
  -251.618   -72.1227
  -249.866   -76.3641
   -247.14   -80.2729
  -242.345   -83.4183
   -213.06   -77.5226
  -211.441   -81.1395
  -236.859   -95.6686
  -234.555   -99.5338
  -228.625   -101.762
   -229.42   -106.951
  -227.204   -110.785
  -197.703   -100.708
  -196.423   -104.413
  -220.024    -121.93
  -217.949   -125.801
  -215.763   -129.612
  -213.171   -133.172
  -210.962   -136.967
  -208.498     -140.6
  -206.197   -144.346
  -203.646   -147.923
  -201.453    -151.77
  -198.773   -155.263
  -196.442   -159.039
  -194.077   -162.812
    -191.3   -166.256
  -189.168   -170.289
  -186.716   -174.076
  -184.154   -177.794
  -181.359   -181.317
  -179.539   -185.875
  -177.086   -189.857
  -174.398   -193.643
   -171.55   -197.299
   -169.27   -201.679
  -166.338    -205.36
  -163.545   -209.276
  -161.116   -213.755
  -158.861   -218.597
  -155.825   -222.483
  -152.659   -226.267
  -150.839   -232.209
  -147.572     -236.1
  -144.266   -240.032
   -141.18   -244.462
  -139.232   -251.108
  -136.096   -255.883
  -132.325   -259.623
   -129.21   -264.836
  -126.788   -271.808
  -123.297   -276.834
  -119.473    -281.36
  -116.118   -287.296
  -112.135    -292.01
  -108.185   -297.117
  -105.003   -304.822
  -101.839   -313.289
  -97.1892   -317.744
  -92.5599   -322.635
  -89.1939   -332.701
  -85.2499   -341.727
  -79.3182   -343.358
   -31.097   -146.204
  -28.2209   -145.081
  -25.4023   -143.951
  -22.3774   -141.162
  -19.7189    -140.17
  -17.0866   -139.004
  -14.3572   -136.422
  -11.7516   -134.111
  -9.33422   -133.223
  -6.93565   -131.993
  -4.55223   -129.845
   -2.2723   -129.155
-0.0178277   -128.275
   2.18706   -126.306
   4.35277   -125.149
   6.49705   -124.305
   8.55056   -122.527
   10.5636    -120.94
   12.5839   -119.891
   14.5982   -119.033
   16.4856   -117.423
   18.4308   -116.476
   20.3913   -115.742
   22.1698   -114.142
   23.9766   -112.882
     25.78    -111.74
   27.6355   -110.909
   29.3663   -109.661
   31.1379   -108.651
   32.9344    -107.78
   34.6173   -106.595
   36.2119   -105.218
   37.8888   -104.147
   39.6738     -103.4
   41.2757   -102.205
    42.887   -101.078
   44.5429   -100.086
   46.2511   -99.2251
   47.8223   -98.0882
   49.5042   -97.1941
   51.1107   -96.1608
   52.7205   -95.1449
    54.248   -93.9938
   55.9573   -93.1613
   57.5614   -92.1494
     59.12   -91.0679
   60.6723   -89.9808
   62.3338   -89.0516
   63.9372   -88.0311
   65.5991   -87.0816
    67.155   -85.9826
   68.7083   -84.8753
   70.4201   -83.9506
   71.9236   -82.7654
   73.4574   -81.6091
   75.1944   -80.6621
   77.0421   -79.8052
   78.6529   -78.6784
   80.2118   -77.4848
   82.0637   -76.5507
   83.9444   -75.6088
    85.685   -74.5096
   87.1255   -73.1314
   89.0296   -72.1191
   90.7868   -70.9546
   92.4904   -69.7206
   94.3806   -68.5956
   96.7305   -67.7556
   98.2091   -66.2669
   99.8957   -64.8969
     102.2   -63.8858
   104.542   -62.8395
   105.991    -61.218
   108.093   -59.9409
   110.557   -58.8085
   112.547   -57.3696
   114.092   -55.6708
   117.086   -54.6225
   119.734   -53.3337
   121.521   -51.6074
   123.562   -49.9472
   126.795   -48.6975
   130.186   -47.4097
   131.916   -45.4481
   134.258   -43.6491
   138.035   -42.2282
   140.001   -40.1714
   142.347   -38.1687
    146.12   -36.4595
   150.363   -34.7424
   152.756    -32.498
   155.509   -30.2569
   160.174   -28.2727
   164.816   -26.1348
   167.326   -23.5471
   172.302   -21.1878
   176.176   -18.5493
   179.088   -15.7011
   177.963   -12.4772
   176.456   -9.28019
   175.817   -6.17209
   174.723    -3.0821