  0   0
  6   6
 12  12
 18  19
 24  26
 30  31
 36  37
 42  43
 -1  -1
 54  53
 60  61
 66  66
 72  73
 78  78
 84  84
 90  91
 96  96
 -1  -1
 -1  -1
 -1  -1
 -1  -1
 -1  -1
 -1  -1
138 141
144 144
150 151
156 157
162 162
168 167
174 173
180 180
186 187
192 194
 -1  -1
 -1  -1
 -1  -1
 -1  -1
 -1  -1
 -1  -1
234 234
240 239
 -1  -1
252 252
258 258
264 263
270 270
276 276
282 284
 -1  -1
 -1  -1
 -1  -1
 -1  -1
312 314
 -1  -1
324 329
330 330
336 337
342 344
348 348
354 354
 -1  -1
 -1  -1
 -1  -1
 -1  -1
 -1  -1
 -1  -1
 -1  -1
 -1  -1
 -1  -1
 -1  -1
 -1  -1
 -1  -1
 -1  -1
 -1  -1
 -1  -1
 -1  -1
 -1  -1
 -1  -1
 -1  -1
 -1  -1
 -1  -1
 -1  -1
 -1  -1
 -1  -1
 -1  -1
 -1  -1
 -1  -1
 -1  -1
 -1  -1
 -1  -1
 -1  -1
 -1  -1
 -1  -1
 -1  -1
 -1  -1
 -1  -1
 -1  -1
 -1  -1
 -1  -1
 -1  -1
 -1  -1
 -1  -1
 -1  -1
 -1  -1
 -1  -1
 -1  -1
 -1  -1
 -1  -1
 -1  -1
 -1  -1
 -1  -1
 -1  -1
 -1  -1
 -1  -1
 -1  -1
 -1  -1
 -1  -1
 -1  -1
 -1  -1
 -1  -1
 -1  -1
 -1  -1
 -1  -1
 -1  -1
 -1  -1
 -1  -1
 -1  -1
 -1  -1
 -1  -1
 -1  -1
 -1  -1
 -1  -1
 -1  -1
 -1  -1
 -1  -1
 -1  -1
 -1  -1
 -1  -1
 -1  -1
 -1  -1
 -1  -1
 -1  -1
 -1  -1
 -1  -1
 -1  -1
 -1  -1
 -1  -1
 -1  -1
 -1  -1
 -1  -1
 -1  -1
 -1  -1
 -1  -1
 -1  -1
 -1  -1
 -1  -1
 -1  -1
 -1  -1
 -1  -1
 -1  -1
 -1  -1
 -1  -1
 -1  -1
 -1  -1
 -1  -1
 -1  -1
 -1  -1
 -1  -1
 -1  -1
 -1  -1
 -1  -1
 -1  -1
 -1  -1
 -1  -1
 -1  -1
 -1  -1
 -1  -1
 -1  -1
 -1  -1
 -1  -1
 -1  -1
 -1  -1
 -1  -1
 -1  -1
 -1  -1
 -1  -1
 -1  -1
 -1  -1
 -1  -1
 -1  -1
 -1  -1
 -1  -1
 -1  -1
 -1  -1
 -1  -1
 -1  -1
 -1  -1
 -1  -1
 -1  -1
 -1  -1
 -1  -1
 -1  -1
 -1  -1
 -1  -1
 -1  -1
 -1  -1
 -1  -1
 -1  -1
 -1  -1
 -1  -1
 -1  -1
 -1  -1
 -1  -1
 -1  -1
 -1  -1
 -1  -1
 -1  -1
 -1  -1
 -1  -1
 -1  -1
 -1  -1
 -1  -1
 -1  -1
 -1  -1
 -1  -1
 -1  -1
 -1  -1
 -1  -1
 -1  -1
 -1  -1
 -1  -1
 -1  -1
 -1  -1
 -1  -1
 -1  -1
 -1  -1
 -1  -1
 -1  -1
 -1  -1
 -1  -1
 -1  -1
 -1  -1
 -1  -1
 -1  -1
 -1  -1
 -1  -1
 -1  -1
 -1  -1
 -1  -1
 -1  -1
 -1  -1
 -1  -1
 -1  -1
 -1  -1
 -1  -1
 -1  -1
 -1  -1
 -1  -1
 -1  -1
 -1  -1
 -1  -1
 -1  -1
 -1  -1
 -1  -1
 -1  -1
 -1  -1
 -1  -1
 -1  -1
 -1  -1
 -1  -1
 -1  -1
 -1  -1
 -1  -1
 -1  -1
 -1  -1
 -1  -1
 -1  -1
 -1  -1
 -1  -1
 -1  -1
 -1  -1
 -1  -1
 -1  -1
 -1  -1
 -1  -1
 -1  -1
 -1  -1
 -1  -1
 -1  -1
 -1  -1
 -1  -1
 -1  -1
 -1  -1
 -1  -1
 -1  -1
 -1  -1
 -1  -1
 -1  -1
 -1  -1
 -1  -1
 -1  -1
 -1  -1
 -1  -1
 -1  -1
 -1  -1
 -1  -1
 -1  -1
 -1  -1
 -1  -1
 -1  -1
 -1  -1
 -1  -1
 -1  -1
 -1  -1
 -1  -1
 -1  -1
 -1  -1
 -1  -1
 -1  -1
 -1  -1
 -1  -1
 -1  -1
 -1  -1
 -1  -1
 -1  -1
 -1  -1
 -1  -1
 -1  -1
 -1  -1
 -1  -1
 -1  -1
 -1  -1
 -1  -1
 -1  -1
 -1  -1
 -1  -1
 -1  -1
 -1  -1
 -1  -1
 -1  -1
 -1  -1
 -1  -1
 -1  -1
 -1  -1
 -1  -1
 -1  -1
 -1  -1
 -1  -1
 -1  -1
 -1  -1
 -1  -1
 -1  -1
 -1  -1
 -1  -1
 -1  -1
 -1  -1
 -1  -1
 -1  -1
 -1  -1
 -1  -1