 0.101327 0.0483313
 0.174596 -0.216117
-0.0495689  -0.214321
0.237556 0.188389
0.291811 0.232103
0.363339 0.227753
0.734534  0.46003
 0.421309 0.0558565
 0.550004 0.0596962
 0.375797 0.0880698
0.908366 0.528981
 1.25595 0.672384
 2.33996 0.494621
 4.38392 0.329574
 6.77895 0.223316
7.70068 1.12701
10.1222 1.10323
11.7603  1.0402
 11.4515 0.873827
  11.679 0.942155
 11.431 1.25859
11.3423 1.45333
13.739 1.8899
14.7036 1.96754
14.5036 2.03402
14.6273 2.09144
15.4836 2.20382
18.1182 2.85525
18.7669 4.54277
20.1811 6.15209
23.9057  9.1027
26.8918 13.0565
28.6804 15.8965
29.7774 18.0687
30.6175 19.5342
30.7619 21.5497
30.9006 23.4089
30.8566 24.0348
30.6299 23.6163
30.9089 23.6899
30.8493 23.7579
31.2988 26.8831
30.4401 29.2472
 30.195 31.9168
28.9156 34.1815
25.8795 37.2377
23.0313 39.5945
20.8605  42.894
19.3689 45.5687
18.2365 48.1649
14.6903 49.3789
14.3852  48.227
11.5997 48.2651
10.2506 46.5053
6.46612 45.9205
3.33762 46.1176
0.419842  44.1913
-2.70529  41.6266
-6.99611  39.2278
-10.0473  36.9415
