  -0.0408697    -0.146157 -0.000320566
    0.28968    0.490183 4.09635e-05
   -0.123059    0.0159372 -0.000530095
  0.553405   0.233097 0.00102186
    2.27126   -0.290013 -0.00218579
   6.62883   0.382797 0.00417866
   4.25283  0.0649012 0.00750126
  -0.165559    0.142856 0.000480749
   4.70397   0.177127 0.00148457
   0.288727     0.13773 0.000478662
5.32472 1.92172 0.11882
 8.40555  3.74647 0.203642
 3.01689  3.09553 0.132756
 1.86891  2.55139 0.100606
  -0.101458  -0.0938284 0.000415577
  1.60046  0.531618 0.0871003
 2.31072   1.5938 0.181961
0.543977  4.41566 0.200131
 0.14583  1.28887 0.148301
 1.46963 -4.01667 0.152041
 1.73575 -3.98832 0.199561
