     0.188631      0.149525 -1.95352e-005
   -0.366142    -0.357275 1.62519e-005
   -0.0261233    -0.0230923 -3.59461e-005
   -0.362259     -0.30838 2.52631e-005
   1.44147   0.127141 -0.0128354
     3.72334     0.629697 -0.000507215
    1.9416   0.640132 0.00791334
    0.222119    -0.168211 6.27722e-005
    1.95004   0.0380756 -0.00358179
  -0.118304 -0.00345307 0.000107769
  -1.20595   -2.41079 0.00987142
    -2.6559    -6.26403 -0.00266947
  0.117585   -4.65288 0.00357919
  0.312122   -4.06277 0.00302987
   0.110831    0.253019 5.6586e-005
      1.12899      -2.63152 -5.33618e-005
      3.13868      -4.28887 -3.03273e-005
   5.17388   -6.63154 0.00108804
    4.89684    -3.51033 -0.00612068
    3.44165      1.0677 0.000458339
    6.31167    0.816818 -0.00618813
   7.05081    1.43574 0.00159168
   4.40135    2.96205 0.00657037
     3.00914       3.7632 -0.000765633
