   0.539763    0.223957 0.000112034
    1.10993    0.211427 0.000455776
-0.657618 -0.477076 -0.000188
   -0.207237    0.0389699 -0.000215057
   0.855174     1.30906 -6.9731e-05
   0.286471   -0.167479 0.000339449
  -0.0555488  -0.00380723 -0.000130524
 0.154593 0.0709954 5.628e-05
  -0.257666   0.0118683 -8.7599e-05
   0.222992    0.624661 4.37892e-05
   0.597426    0.692269 0.000131633
    0.273287   -0.0662932 -0.000134852
  -0.307272  0.00405516 0.000257566
  -0.981549    0.610891 0.000204604
   0.163399   -0.111112 0.000308663
  0.0485991    0.117778 -0.00010248
  -0.199379   0.0387494 8.42746e-05
  0.00773678  0.000683391 -5.30614e-05
   0.088993  -0.0304744 0.000264139
  -0.039847  -0.0134076 0.000348508
   0.303946  -0.0517759 0.000335239
 -0.0904413    0.124469 0.000502517
 0.0346012  0.0562641 0.00025984
  0.0309956   -0.066447 6.77815e-05
 -0.0702353  -0.0039389 0.000422936
    0.094187   -0.0686414 -0.000206197
  -0.123836  -0.0404509 9.65186e-05
   0.133771  -0.0800709 -6.5405e-05
    0.564332    -0.528324 -0.000151007
   0.657159   -0.557462 0.000446217
  0.305803   0.366072 0.00147366
  1.01479   1.25045 0.0072482
   1.31906   0.848642 0.00512955
    1.3071    1.61895 0.00672188
  1.64945   1.93221 0.0032039
  0.907752    1.81575 0.00192622
   1.42425     1.8989 0.00368524
   2.39216    2.91478 0.00283188
   1.71266    2.49175 0.00363229
   2.19266    2.89543 -0.0135692
   2.25032      3.541 -0.0109667
    1.57356     3.11258 -0.00426866
   2.25586    2.94681 0.00135473
   2.22832    2.49014 0.00513278
    1.37744     1.71022 -0.00645081
  0.837075   0.990723 0.00141793
    0.23547     0.75508 0.000842798
   1.06925    2.06635 0.00353787
    1.2225    1.68938 0.00542967
   1.43531    2.20445 0.00365451
   0.71836   0.653631 0.00325907
   1.69502    1.00771 0.00366683
   0.232859   0.0908857 0.000320822
  0.760731   0.792465 0.00117058
   0.317223    0.265437 0.000257211
   0.319446    0.088324 0.000150104
   1.27406   0.513604 0.00059943
  -0.143147    -1.79801 -0.00343975
   1.04999   0.401049 -0.0001039
    1.11615    0.176955 0.000534068
   -0.665674     -1.57501 -0.000858315
   0.689485    0.482612 9.24995e-05
   0.248654  -0.0528418 2.98593e-05
    0.174591   -0.0840796 -1.73378e-06
 -0.604678   0.694246 0.00206882
-0.396034  -1.24693 0.0183682
-0.423098  -1.60875 0.0351738
0.341212 -1.44495 0.046842
-0.541395  -1.09762 0.0346196
-0.0652695   -2.55899  0.0448307
-0.328663  -1.07874 0.0183377
-0.290357 -0.413746 0.0027973
   0.246625   -0.202231 0.000319924
   -0.195311    -0.325436 -0.000100284
  -0.109949   0.0162482 0.000376545
   0.293084  -0.0748997 6.59441e-05
    0.303979    -0.168341 -4.94104e-05
  -0.0608557   0.00305029 -1.04053e-05
   -0.208718    -0.204695 -0.000152181
   0.0884278   -0.0324346 -0.000345564
    0.287508  -0.00387299 -0.000153444
-0.00624032    -0.04391 0.000190044
   0.263469  -0.0353544 6.16508e-05
    0.203049    -0.162042 -0.000174003
   0.0193109  -0.00187115 -0.000162981
   0.0778487 -0.000315225  7.54201e-05
 -0.0305243  -0.0389076 5.36872e-05
  0.0315146  -0.0216831 0.000340708
  0.0311429   0.0731534 9.23642e-05
-0.000377511   0.00993044  3.04781e-05
   0.107866  -0.0257767 0.000181388
  -0.0434472   -0.0180341 -0.000294889
