-0.000885514   -0.0114689 -5.30932e-05
   0.0389396 -0.000897762   6.0668e-05
 -0.0298291   0.0349758 0.000125989
-0.00257132  0.00657292 8.14261e-05
    0.215174     0.138958 -3.27409e-05
  -0.141068   0.0255351 -0.00017872
   0.179945  -0.0381368 0.000211036
 -0.0649672  0.00162914 3.27476e-05
  0.0567784   0.0276021 0.000477631
   -0.187243     0.047458 -9.47791e-05
   0.0968994   -0.0349959 -9.52206e-05
  -0.323281   -0.413646 9.10868e-05
 -0.0944314    0.067691 2.16955e-05
  0.0156779 -0.00412833 0.000283311
    0.139166   -0.0824213 -2.06138e-05
  -0.0565866    0.0517486 -7.12439e-05
  0.0478698  -0.0356586 5.51522e-05
 -0.00823563   -0.0174889 -1.62968e-05
   0.0793536   -0.0298569 -0.000252783
   -0.650012    -0.162725 -0.000135742
   0.100288  -0.0388617 0.000107003
 -0.194928  0.0791696 0.00026599
  0.0952736  -0.0490188 6.71012e-05
    0.498755      0.22434 -0.000370367
   -0.103931    0.0529918 -3.77183e-05
   0.0367021    -0.032982 -1.45684e-05
-0.00781399   0.0207369 1.71813e-06
   -0.097048    0.0222331 -2.12725e-06
  0.0593323  -0.0529102 0.000152953
   0.141656   -0.033263 0.000108319
  -0.326908   -0.261907 0.000167871
 -0.0550191  -0.0110977 6.25694e-05
   0.249033   0.0631528 0.000178559
  0.190695  0.0636786 0.00034149
  -0.0381983    0.0435414 -6.93047e-06
   0.134135  -0.0762942 -0.00057299
   0.115488     0.35976 7.77922e-05
    0.485292     0.104818 -0.000174369
     0.40033     0.041305 -0.000317429
    0.165231    -0.132796 -0.000735599
    0.698507     0.258768 -0.000442689
    0.375619     0.238235 -0.000171116
   1.02161   0.212301 0.00176045
   0.378875    0.207632 0.000493547
   0.456505  -0.0413206 3.07993e-05
  0.940448 -0.0331413  0.0018065
  0.0542158   -0.124813 0.000143269
 -0.0928274   0.0293845 0.000551018
   0.348511     0.17293 0.000370397
   0.184467     0.13447 0.000376241
  0.849444  0.0135291 0.00112038
   0.303355    0.384492 0.000235541
 -0.0194979   -0.273782 0.000277262
   0.109764    0.107751 0.000450226
  -0.0220465   -0.0340727 -0.000148991
   0.0656264   0.00618053 -4.04752e-05
   0.222456    0.174474 0.000146372
  0.00316255    -0.182061 -0.000129939
  -0.317357    0.122879 0.000218274
  0.0913913  -0.0248449 1.52639e-06
 -0.144463  0.0448936 4.1237e-05
    0.16518   -0.257834 2.09241e-05
   0.170244  -0.0718341 6.75277e-05
   0.0362268    0.0304293 -0.000104034
   -0.112487     0.071532 -8.68413e-05
   0.477062    0.165588 5.36091e-06
  0.0641267   -0.250397 0.000169163
   0.308778    0.158527 -0.00039667
   0.591551  -0.0948479 0.000452012
   0.445215    0.299044 0.000300428
   -0.02973   -0.282449 0.000504493
   0.317789   0.0719377 0.000196278
   0.045393   0.0523034 3.17398e-05
  0.0881319  -0.0458139 -0.00025072
   0.125228   -0.106068 0.000127772
   -0.129477   -0.0382429 -0.000289811
   0.0394521   0.00823123 -2.52763e-05
  -0.0174867   0.00171885 -0.000111866
 -0.0229186  0.00618513 4.97928e-05
  -0.265255    0.102805 -0.00020998
 -0.180558  -0.275315 0.00126078
 0.0910666   0.274442 0.00281452
-0.0976556  -0.494837 0.00199154
 -0.43436 -0.245639 0.0171372
 -0.471376 -0.0303091  0.0176286
 0.413037 0.0899876 0.0164831
 0.688405 -0.270295 0.0163695
  0.282434 0.00207094  0.0037796
 -0.278356  -0.133436 0.00520909
 -0.551514  -0.664075 0.00493897
  0.379245  -0.329789 0.00542792
-0.209489  -0.13813 0.0316021
-0.0711327   -0.35502 0.00588248
-0.943277 -0.971096 0.0162232
 0.834121 -0.350154 0.0379689
 0.495674 -0.310418 0.0184277
 0.282772 -0.721819 0.0183789
0.0864894 -0.519057 0.0187717
  0.188198  -0.163441 0.00467259
  0.166014  0.0906755 0.00339693
-0.204891  -0.81126 0.0170058
  0.311047  -0.429873 0.00344544
  0.242603  0.0148339 0.00271162
-0.0725553  -0.486563 0.00268029
 -0.361645  -0.749861 0.00319903
 -0.340772   -0.17504 0.00604623
 0.713219  0.235257 0.0175482
  0.53474 -0.368471 0.0171708
-0.0208905   -1.13739  0.0124306
 0.375167 0.0509614 0.0021032
   0.112748  0.00351636 0.000512262
  -0.21373  -0.532103 0.00120052
    0.210667    0.0131895 -2.86735e-05
   0.114651   0.0450862 9.83374e-05
   -0.125367   -0.0147607 -0.000184851
   0.117989    0.289948 -3.3762e-05
   0.0501746 -0.000232321  0.000236348
  -0.0844629   -0.0430769 -0.000121342
 -0.0108507   0.0156598 6.92096e-06
 -0.162474 -0.0549815 -8.193e-06
   0.222141   0.0265022 1.90264e-05
 -0.0170815   0.0147513 5.50625e-06
  -0.0542703   -0.0346493 -0.000160854
   -0.132626   -0.0601192 -6.02815e-06
 0.217667 -0.657085 0.0187814
 0.470774 -0.633376 0.0171327
 0.496323  0.206904 0.0177518
  0.224746 -0.0737721 0.00744731
 0.419497 -0.693253 0.0176736
 0.335983 -0.141973 0.0161338
 0.0475932  -0.426419 0.00614592
  0.324814 -0.0388406  0.0341113
  0.517015 -0.0168279  0.0340061
  0.376487   0.130751 0.00519077
 0.694391  0.642151 0.0330006
 0.576301 0.0560166 0.0330045
  0.86839 -0.689133 0.0202408
 0.326744 -0.561748 0.0271542
 0.559163 -0.745998 0.0188265
 0.923411 -0.654458 0.0420829
 0.370956  0.204606 0.0331887
  0.125808  -0.477184 0.00378933
 0.743925 -0.660126  0.010952
  0.46485  0.123968 0.0319888
  0.625154  -0.103921 0.00447938
-0.0216801  -0.859482   0.030529
 0.432894 -0.125093 0.0190058
  0.750865 -0.0301642 0.00411932
  0.297206  -0.238696 0.00397739
   0.9064 -0.909264 0.0108913
 0.780886 -0.504908 0.0178534
  0.241158   0.513498 0.00402038
  0.868795  -0.668788 0.00422301
 0.0709521   0.277957 0.00369007
-0.112669   1.37865  0.016631
  0.351355   0.177871 0.00458473
  1.01713  -0.33985 0.0113391
  0.420146  -0.254157 0.00549877
 0.266088  0.203643 0.0164806
-0.293116  0.861635 0.0194674
  1.00764  0.338302 0.0352356
 0.215369  0.797297 0.0182623
 0.738299  0.391837 0.0197235
0.0913505  -0.25537 0.0228541
 0.989681 -0.151028 0.0121647
   0.70565   0.356797 0.00382444
  0.899696 -0.0329319  0.0175707
  0.27569  -0.11153 0.0185924
  0.337753 -0.0799841  0.0187263
   1.3656  0.237462 0.0187278
  0.591537 -0.0253992  0.0201993
 0.707655  0.178265 0.0335742
 0.562889  0.541199 0.0340451
 0.602767 -0.215856 0.0190691
 0.904474 -0.252613 0.0170372
 0.531584  0.392805 0.0167156
  1.17489  0.433049 0.0192892
 0.461788  0.498811 0.0169834
 0.835098  0.659689 0.0208005
 0.432724 -0.174956 0.0336161
  0.289543   0.435051 0.00415629
  0.345154 -0.0546066 0.00503305
 0.350487  0.146173 0.0011571
  -0.0318264     0.106554 -0.000102892
 -0.0159885  -0.0322377 2.11615e-05
  -0.222978    0.437989 0.000387155
  0.532313 -0.0169953 0.00436523
 0.375739   0.33452 0.0196848
 0.984135  0.487766 0.0348891
 0.883886  0.139603 0.0346497
0.0336641  0.141344 0.0331186
  0.114446   0.465532 0.00546392
 0.772171 -0.376188 0.0327306
 -0.123247   0.586846 0.00381862
 -0.776562    0.30969 0.00372501
  -0.30058   0.291135 0.00115139
  0.622132  -0.118854 0.00244249
  0.332698 -0.0302867 0.00163159
  0.0373967  -0.0536796 3.41405e-05
