 -0.0906059   -0.131345 6.5164e-005
    0.248381     0.520782 3.08733e-005
   -0.108244   -0.0640671 -0.000261656
  0.457175   0.231139 0.00148466
    2.18701   -0.448466 -0.00316903
  6.93611  0.607785 0.0051325
   4.56824   0.222136 0.00858229
 -0.142576   0.098863 0.00129535
   4.81275 -0.0252375 0.00204183
   0.219728    0.102785 0.000299218
 6.22142  2.18787 0.120451
 8.27013  3.80027 0.204139
3.78381 3.52286 0.13312
  1.89134   2.72622 0.0983749
 -0.0333667   -0.153958 0.000391778
  1.62419   1.02649 0.0811235
 2.21572  1.55978 0.182719
0.532204  4.33709 0.200059
 1.14293  1.87748 0.137146
 1.61052 -3.61521 0.151073
0.795901 -4.47034 0.206311
-1.08554  -2.5024 0.190579
-0.124262  -5.69358  0.160581
