   -0.21635   -0.162555 -1.3466e-05
    0.167159   -0.0508442 -1.32746e-05
   0.170308    0.473191 8.43251e-05
  0.575383   0.178621 0.00011812
   -0.392666    -0.265213 -8.87422e-05
  -0.129089   0.0809894 8.01578e-05
 -0.0172146    0.106211 0.000629076
   -1.31009   -0.307881 -0.00131645
   -2.80121   -0.724022 -0.00396781
 -1.54011 -0.291601 0.0077274
  -1.26791  -0.245547 0.00392099
-0.0618702 -0.0935184 5.2725e-05
 -0.125904   0.172435 0.00040753
   -2.0388  -0.420683 0.00695186
  -0.546062    0.310817 0.000570788
    0.37974  -0.0938321 8.82585e-05
    1.9396     1.5496 0.00360522
  0.402141     1.9498 0.00250199
   1.71167    4.36975 0.00270337
 -0.335461    3.11622 0.00194887
  0.369926    3.05621 0.00438218
 -0.813997    2.67055 0.00284591
 -0.0948052    0.500261 0.000949579
  0.0892206   -0.209089 0.000154944
 -0.19488   0.87671 0.0116063
  -1.67447    3.00383 0.00274299
  -1.90415    2.05489 0.00212159
-3.33064  2.15644 0.154243
  -2.2822  0.659254 0.0970409
 -2.20787   1.84144 0.0918831
 -1.47533  -1.38357 0.0811086
  -2.31121  -0.309915 0.00367194
  -4.00988  -0.671712 0.00179662
  -4.23816  -0.382666 0.00204143
    -4.348  -0.732746 0.00295009
  -4.09699   -2.76186 0.00147798
 -0.967094   -0.67626 0.00365047
  -2.81116   -2.58149 0.00221534
 -0.078868   -2.27741 0.00199274