    0.188767     0.149696 -1.35673e-05
  -0.363021   -0.353394 0.000152204
  -0.0285424   -0.0261866 -0.000142982
  -0.344658   -0.285801 0.000805317
   1.49899   0.201046 -0.0102905
     3.72223     0.628351 -0.000556054
  2.00565   0.70656 0.0106753
   0.226367   -0.164281 0.000240782
  2.28613  0.350319 0.0106496
  -0.110953  0.00267044 0.000416598
  1.21363 -0.106194  0.117526
  -2.55213   -6.15938 0.00222561
 1.83724 -1.43196 0.132778
   1.1665  -1.75455 0.0976516
   0.112624    0.259957 0.000350084
  1.55877 -0.751325 0.0791021
     3.13559     -4.30732 -0.000854248
   5.17254   -6.58828 0.00333416
  3.5829 -1.35143 0.153806
 1.87407  2.24684 0.139907
    6.26646    0.844393 -0.00145058
    7.034   1.43479 0.0035203
     4.44905      3.01176 -7.48779e-06
   2.99517    3.72384 0.00251775
