   203.025          0
   201.919    3.52441
   201.277    7.02855
   202.547    10.6147
   201.683    14.1026
   201.256    17.6071
   200.048    21.0253
   200.296    24.5925
   200.703    28.2061
   200.377    31.7357
   199.965    35.2582
   200.129    38.9001
   199.958    42.5011
   199.527     46.063
   199.566    49.7558
   199.295    53.3993
   200.976    57.6272
    199.39    60.9578
   199.437     64.799
   198.583    68.3755
   198.605    72.2839
   197.056    75.6404
   198.302    80.1167
   198.692     84.337
   197.487    87.9239
   197.531    92.1071
   197.601    96.3733
   197.315    100.533
   196.744    104.607
   197.294    109.358
   197.845    114.222
    196.55    118.095
   195.689    122.276
   195.937    127.238
    188.38    127.059
   194.879     136.45
   193.479    140.565
   178.258    134.322
   171.178    133.734
   167.517    135.647
   159.819    134.098
   153.945    133.816
   154.559    139.159
   153.642    143.267
   113.065     109.18
   111.036    111.031
   109.116    112.988
   104.042    111.565
    104.17    115.686
    100.79     115.94
   97.4978    116.187
    94.763    117.016
    92.337    118.179
   89.1471    118.295
    135.21     186.09
   86.2981    123.239
   129.431    191.877
   126.076    194.128
   119.887    191.846
   115.555    192.302
   111.693    193.445
   106.458    192.041
     101.6    191.067
   97.5461     191.43
    94.015    192.743
    89.369    191.636
   84.8924    190.654
   81.4936    191.968
   77.4098    191.577
   73.3557    191.078
   69.3087    190.403
   65.8613    191.252
   61.7486    190.019
   58.2695    190.565
   54.8316    191.193
   51.0724    190.575
   47.2608    189.521
   43.7492    189.465
   40.4569    190.297
   36.8625      189.6
   33.4003    189.377
   29.8908    188.672
   26.5274    188.694
   23.1846    188.756
   19.8163    188.461
   16.4959    188.454
   13.1627    188.115
   9.86197    188.017
   6.56088    187.635
    3.2831    187.596
0.00870017      187.8
  -3.26659    187.647
  -6.54001    187.536
  -9.82364    187.618
  -13.0982    187.443
  -16.3761    187.285
  -19.5925    186.499
  -22.8991    186.575
  -26.2491     186.84
  -29.5331    186.526
  -32.8924    186.598
  -36.1105    185.824
  -39.5091    185.923
  -42.8771    185.766
  -46.2516    185.547
  -49.8838    186.209
  -53.3326    186.031
  -56.5199    184.905
  -60.1244    185.079
  -63.5243    184.522
  -67.0854    184.348
   -70.588    183.919
  -74.4799    184.375
  -78.5653    185.118
   -81.601    183.308
   -85.844    184.122
  -89.7236    183.988
   -92.989    182.528
  -96.9583    182.379
  -101.447    183.042
  -105.601    182.933
  -108.984    181.405
   -113.63    181.871
  -118.284    182.167
  -122.689    181.919
  -126.218    180.283
  -131.843    181.491
  -136.239     180.82
  -139.743    178.888
  -145.723    179.977
  -151.284    180.318
  -156.802    180.405
  -160.713    178.514
  -166.924    179.029
  -173.426    179.613
   -180.07    180.095
  -184.085    177.793
   -191.62    178.714
  -198.277    178.555
  -202.136     175.74
  -211.205    177.248
  -219.647    177.893
  -227.604     177.85
   -232.53    175.251
  -242.611    176.295
  -253.473    177.512
  -268.677    181.255
  -266.957    173.392
  -242.064    151.284
  -273.531    164.383
   -276.25    159.521
  -273.832    151.815
  -272.819    145.088
  -271.568    138.398
  -272.953    133.155
  -272.766    127.219
  -231.233    102.974
  -232.051    98.5221
  -270.682    109.388
   -270.94     104.03
  -270.177    98.3616
  -270.221    93.0698
  -268.928    87.4047
  -269.528    82.4276
  -270.492    77.5872
  -267.966    71.8256
  -268.014    66.8478
  -268.458    62.0027
  -268.986     57.199
  -266.728    51.8708
  -236.646    41.7484
  -238.894    37.8586
  -266.626     37.496
  -262.972    32.3127
   -266.43     28.027
  -266.106    23.3054
  -264.403    18.5129
  -265.434    13.9351
  -265.687    9.30237
  -265.459    4.65807
  -265.175  0.0245694
   -265.46   -4.60888
  -264.065   -9.19658
  -264.089   -13.8154
  -263.533    -18.403
  -263.546    -23.032
  -262.929   -27.6095
  -262.805   -32.2427
  -264.232   -37.1093
  -261.692   -41.4219
  -261.963   -46.1648
   -261.83   -50.8678
  -261.293   -55.5126
  -260.772   -60.1766
  -260.361   -64.8877
   -261.29   -69.9843
  -260.606    -74.699
  -260.003   -79.4622
  -258.981   -84.1189
  -261.232   -89.9196
  -258.214    -93.952
  -259.196   -99.4651
   -259.53   -104.825
  -258.236   -109.583
  -257.563   -114.642
  -257.903   -120.229
  -261.091   -127.308
  -256.936   -130.881
  -257.615   -136.941
  -257.416   -142.652
  -255.926   -147.722
  -255.174   -153.286
  -254.983   -159.292
  -257.469   -167.162
  -255.114   -172.036
  -253.015   -177.121
  -254.092   -184.566
  -254.307   -191.589
  -252.028    -196.86
  -253.373    -205.13
  -254.504   -213.505
  -253.494   -220.309
  -250.819   -225.786
  -111.068   -103.549
   -108.56   -104.811
  -103.851   -103.827
  -98.0281   -101.487
  -97.6744   -104.718
  -93.2388   -103.528
  -89.1049   -102.479
  -85.8564   -102.295
  -83.5545   -103.156
  -80.0174   -102.392
  -77.1349   -102.336
   -74.764   -102.878
  -71.6234   -102.262
  -68.4156   -101.404
  -65.8865   -101.429
  -63.7618   -102.012
   -60.993   -101.481
  -58.4875   -101.274
  -56.4445   -101.799
  -53.9432   -101.422
  -51.3589   -100.766
  -49.1212   -100.681
  -47.2404   -101.274
  -44.8351   -100.667
  -42.7099   -100.583
  -40.7982   -100.942
   -38.627   -100.588
  -36.5065   -100.261
  -34.4418   -99.9841
  -32.5834   -100.237
  -30.4781    -99.643
  -28.6587   -99.8954
  -26.8074    -99.994
  -24.7859    -99.355
  -22.8906   -99.0904
  -21.2046   -99.6949
  -19.3422   -99.4363
   -17.491   -99.1186
  -15.7311   -99.2359
  -13.9829   -99.3963
  -12.1607   -98.9304
  -10.3879   -98.7049
  -8.64405    -98.647
  -6.91242   -98.6581
  -5.17517   -98.4891
  -3.45293   -98.4895
  -1.73138   -98.4098
-0.0136548     -98.25
   1.69753   -98.0353
   3.40731   -97.9658
   5.11909   -97.9413
   6.83279   -97.9119
   8.54267   -97.8026
   10.2613    -97.763
   11.9932   -97.7923
   13.6981   -97.5681
   15.4065   -97.3636
   17.1381   -97.2769
   18.9046   -97.3311
   20.6419    -97.182
   22.3629   -96.9287
   24.1417   -96.8876
   25.9777   -97.0069
    27.708    -96.683
   29.4714   -96.4477
   31.3741   -96.6082
   33.2587   -96.6369
   34.9914   -96.1828
   36.7632   -95.8142
    38.851   -96.2012
    40.856    -96.291
   42.4285   -95.3349
   44.4766   -95.4183
   46.6719   -95.7287
   48.5851   -95.3897
   50.4654   -94.9467
   52.6842   -95.0793
   55.0103   -95.3146
   57.0515    -94.983
   59.0978    -94.609
   61.4886   -94.7165
   63.7332   -94.5203
   65.5881   -93.7008
   68.3152    -94.059
   71.0444   -94.3101
    73.372   -93.9425
   75.4092   -93.1529
   78.4534   -93.5274
   81.5495   -93.8423
    84.262   -93.6126
   86.3943   -92.6764
    89.839   -93.0611
   92.7927   -92.8228
   95.0638   -91.8319
   98.6812   -92.0518
   102.762   -92.5576
   105.965   -92.1445
   108.514   -91.0848
   112.826    -91.396
   117.339   -91.7068
   121.417   -91.5262
   124.169   -90.2457
   129.288   -90.5607
   135.014   -91.1012
   139.623   -90.7059
   142.605   -89.1433
   149.003   -89.5646
   156.151    -90.189
   162.227   -89.9598
   165.449   -88.0072
   173.709   -88.5466
   180.935   -88.2862
   184.192   -85.9289
   194.182   -86.4956
   202.197   -85.8689
   205.565   -83.0954
   203.017   -77.9715
   199.907   -72.7998
   197.767   -68.1354
   205.369   -66.7684
   197.562   -60.4389
   194.742   -55.8786
    94.294    -25.284
   96.8555   -24.1671
   96.8971   -22.3887
   96.9796   -20.6318
   97.7421   -19.0174
   199.787   -35.2649
   102.494   -16.2525
   202.926   -28.5568
   202.649   -24.9195
   202.531   -21.3241
     202.1   -17.7187
   202.403   -14.1907
   201.497   -10.5971
   200.102   -7.02463
   202.493   -3.57197