[-18.8719,	 -43.5587, 	 0.889]	 id=2
[0.456,	 0.1164, 	 0.8]	 id=3
[0.1420,	 0.442, 	 0.2]	 id=4
[0.7092,	 0.4873, 	 0.5]	 id=5
[0.324,	 0.675, 	 0.0]	 id=6
[0.2804,	 0.2015, 	 0.4]	 id=7
[0.3104,	 0.3099, 	 0.9]	 id=8
[0.6945,	 0.4020, 	 0.8]	 id=9
[0.6565,	 0.5473, 	 0.4]	 id=10
[0.1028,	 0.1006, 	 0.2]	 id=11
[0.2259,	 0.94, 	 0.5]	 id=12
[0.4214,	 0.1441, 	 0.10]	 id=13
[0.1336,	 0.1176, 	 0.3]	 id=14
[0.838,	 0.1695, 	 0.1]	 id=15
[0.4008,	 0.7, 	 0.9]	 id=16
[0.8537,	 0.2438, 	 0.13]	 id=17
[-1.54,	 0.351, 	 0.20]	 id=18
[-1.2214,	 0.1473, 	 0.2]	 id=19
[0.2637,	 0.1500, 	 0.1]	 id=20
[0.7277,	 0.1364, 	 0.14]	 id=21
[0.2286,	 0.1089, 	 0.4]	 id=22
[0.2169,	 0.6895, 	 0.0]	 id=23
[-1.3636,	 0.4269, 	 0.22]	 id=24
[0.5491,	 -1.2588, 	 0.0]	 id=25
[0.1830,	 0.2244, 	 0.11]	 id=26

-------------------------------
[0.0,	 0.0, 	 0.0]	 id=2
[-24.7005,	 -35.8377, 	 0.1221]	 id=3
[-18.8719,	 -43.5587, 	 0.889]	 id=2
[0.2603,	 1.7289, 	 0.28]	 id=3
[0.456,	 0.1164, 	 0.8]	 id=4
[0.1576,	 0.2019, 	 0.3]	 id=5
[0.1420,	 0.442, 	 0.2]	 id=6
[0.1238,	 0.1691, 	 0.2]	 id=7
[0.7092,	 0.4873, 	 0.5]	 id=8
[-1.182,	 0.3674, 	 0.17]	 id=9
