  137.904    23.552
    137.5   25.9457
  137.759   28.5022
   138.14   31.1203
  138.639   33.8082
  138.294   36.2907
   138.31   38.8999
  138.466   41.5852
  138.404   44.2306
  137.963   46.7655
  138.174   49.5737
  138.697   52.5572
  139.203    55.595
  137.983   57.9127
  138.666   61.1292
   139.12   64.3103
  137.908   66.6975
  138.522    70.075
  139.081   73.5074
  139.626   77.0196
  138.362    79.518
  138.825   83.1232
  139.641   87.0589
    140.3   91.0067
  138.621   93.4104
  139.575   97.7592
  139.684   101.608
   138.33   104.403
  137.344   107.533
  136.538   110.872
  134.531   113.223
  133.684   116.636
  132.303   119.625
  131.054   122.795
   129.19   125.407
  128.308   129.079
  127.184   132.593
   125.66   135.753
  124.487   139.395
  123.575   143.461
   123.57    148.81
   121.54   151.765
  119.265   154.455
  119.274   160.386
  73.3951   100.015
  70.8642   100.187
  69.5604   102.199
   67.409   102.898
  65.5336   104.028
  64.8724   107.299
  64.5824   111.436
  110.666   204.664
  106.941   206.399
  103.113    207.91
  100.085   211.147
  95.3463   210.608
  90.2821   209.069
   87.019   211.768
  82.5381   211.351
  77.7462   209.854
  74.2733   211.954
  69.7617   210.875
  65.6879   210.975
   61.457   210.373
  57.8012   211.745
  53.9338   212.302
  49.5419   210.447
  45.7974   211.273
  41.9652   211.641
  37.9216   210.683
   34.192    211.43
  30.4342   212.014
  26.5773   211.761
  22.7816   211.888
  19.0249   212.397
   15.221   212.267
  11.4673   212.969
  7.69112    213.53
   3.8884   213.026
 0.106793   212.231
 -3.69449   213.294
 -7.46444   212.666
 -11.2845   213.147
 -15.0854   213.061
 -18.9512    213.58
 -22.7087   212.863
 -26.4571   212.156
 -30.3056   212.175
 -34.4951   214.123
  -38.029   212.007
  -42.174   213.167
 -46.3768   214.272
 -49.9056   212.256
 -54.0454   212.774
 -58.0793   212.708
 -62.6369   214.293
 -65.9572   211.609
 -70.3102   212.198
 -75.3279   214.467
 -78.8668   212.386
 -83.6903   213.646
 -87.6185   212.469
 -93.2117   215.097
 -96.1831   211.563
 -100.853   211.763
 -106.239   213.231
 -112.489   216.084
  -115.17   211.947
 -120.763   213.139
  -127.32   215.711
 -129.765   211.185
  -135.31   211.706
 -140.941    212.14
 -142.754   206.792
  -148.57   207.274
 -146.652   197.055
 -143.604   185.899
 -149.242    186.29
 -148.158   178.297
 -146.906   170.477
 -144.287   161.465
 -148.974   160.884
 -147.755   153.926
 -145.186   145.884
 -149.417   144.911
 -148.443   138.873
 -147.636    133.22
 -145.631   126.711
 -148.991   125.062
 -148.156    119.88
  -146.17   113.956
 -149.455   112.317
  -148.57   107.516
 -147.728   102.898
 -146.791   98.3587
  -149.18   96.1657
 -148.313   91.8613
 -147.343   87.6182
 -149.737   85.4857
 -148.905   81.4839
 -148.376   77.7539
 -147.497   73.9299
 -148.946   71.3696
 -148.727   68.0054
 -147.892   64.4226
 -149.407   61.9509
  -148.78   58.5739
 -148.384   55.3585
 -148.437   52.3695
 -149.304   49.7066
 -148.772   46.5768
 -148.178   43.4821
  -148.48   40.7089
   -148.9   37.9866
 -148.812   35.1437
  -149.01    32.399
 -149.158   29.6593
 -148.988   26.8703
 -148.692   24.0839
  -149.43   21.5001
 -148.962   18.7239
 -149.038    16.051
 -149.489   13.4309
 -148.875   10.7017
 -148.809   8.04715
 -148.422   5.38222
 -149.886   2.81968
 -148.758  0.138969
 -148.982  -2.48631
 -150.035  -5.12471
 -148.667  -7.74018
 -148.779  -10.3729
 -148.869  -13.0122
 -150.558  -15.7839
 -148.811  -18.2957
 -148.787  -20.9488
 -149.088  -23.6539
 -150.551  -26.5542
 -148.704   -28.971
 -148.983  -31.7284
 -150.706  -34.8053
 -148.704  -37.1435
 -148.662  -39.8974
 -148.763  -42.7098
 -150.956  -46.1285
 -148.495  -48.2848
 -148.534   -51.162
 -149.063  -54.2357
 -151.393   -57.999
 -148.295  -59.8691
 -148.903  -63.1091
 -151.708  -67.3219
 -148.285  -68.9962
 -148.698  -72.3178
 -149.041  -75.6734
 -152.244  -80.5192
 -147.956  -81.6747
 -148.974  -85.5725
 -149.356  -89.2221
 -152.782  -94.7454
  -148.38  -95.7205
 -148.846  -99.6536
  -152.64  -105.889
 -148.137  -106.716
 -148.664  -110.983
  -149.51   -115.61
 -153.713  -122.958
 -148.401  -123.104
 -149.215  -128.104
 -153.459  -136.199
  -147.66  -135.827
  -148.75  -141.535
 -149.777  -147.405
  -154.16    -156.8
 -148.048  -156.025
 -149.042  -162.474
 -150.059  -169.223
 -155.496  -181.255
 -148.297  -179.205
 -149.565  -187.058
 -150.992  -195.495
 -156.956  -210.258
 -148.923  -207.053
 -149.937  -216.057
 -157.108  -234.481
 -147.669  -229.094
 -149.842  -241.253
 -131.345  -220.539
 -143.072   -249.11
 -136.761  -248.056
 -133.592  -252.478
 -128.205  -252.829
 -98.6575  -204.706
 -114.586  -247.065
 -109.567  -247.398
 -105.452  -249.647
 -101.513  -252.358
 -96.8042  -253.215
 -89.3123  -246.564
 -73.2308  -214.832
 -82.1609   -253.67
 -76.7793  -251.902
 -71.7277  -250.839
 -67.6031  -252.782
 -62.9361  -252.744
  -58.233  -252.377
 -44.9039    -213.1
 -49.0867  -252.163
 -37.5962  -214.699
 -40.0414   -251.69
 -35.7644  -252.727
 -31.3518  -252.848
 -26.8234  -251.823
 -22.3409  -250.716
 -15.7249  -222.266
 -13.7236  -251.531
 -9.38091  -251.314
 -5.07597  -251.945
-0.748625  -252.126
  3.57981  -251.806
  7.92433  -252.536
  12.2653   -252.49
  16.6378  -252.893
  20.9447  -252.146
  25.2986  -252.047
  29.6185  -251.548
   34.038  -251.817
  38.6696  -253.318
  42.8105  -251.402
  47.2261  -251.213
   51.821  -251.803
  56.6385  -253.161
  60.7639  -251.266
   65.114  -250.367
  70.1289   -251.85
  74.0765  -249.372
  78.9619  -250.028
  83.7971  -250.303
  89.5549  -253.007
  93.1371  -249.421
  98.2649  -249.977
  103.468  -250.496
  109.434   -252.56
  113.115  -249.231
  118.537  -249.689
  125.411  -252.851
  128.676  -248.614
  134.532  -249.329
   140.12  -249.326
  148.622  -254.095
  151.179  -248.571
  157.837  -249.724
  163.975    -249.8
  174.077  -255.448
  175.643   -248.47
  183.401  -250.165
  193.215  -254.204
  194.709   -247.24
  202.974   -248.76
  211.543  -250.292
  224.312  -256.228
  224.936  -248.209
  128.785  -138.222
  130.461  -135.324
  276.821  -275.022
  135.908  -131.647
   137.71  -128.914
  140.132  -126.754
  142.291  -124.353
  130.612   -110.51
  311.227  -250.833
  132.111  -104.301
   135.95  -103.574
  135.329  -99.5443
  139.776  -99.1278
  139.103  -95.1696
  135.891  -89.7029
  140.199  -89.0896
  136.003  -83.3157
  132.083   -77.962
  132.476  -75.1976
  130.308  -71.1344
  133.674  -69.9876
  136.317  -68.3981
  139.853  -67.1521
  139.078  -63.9222
  138.811  -60.9787
  136.483  -57.2723
  139.241  -55.6067
   138.92   -52.772
   136.67  -49.3351
  139.466   -47.615
  139.105  -44.8766
  138.906  -42.2247
   136.77  -39.1014
  139.161  -37.1737
  138.719  -34.5472
  136.904  -31.6753
  139.038  -29.6242
  138.848  -27.1201
  138.959  -24.6827
  137.069  -21.9881
  138.828  -19.7925
  138.635  -17.3538
  138.698  -14.9507
  137.246  -12.4574
  138.522  -10.1429
  138.559   -7.7534
  137.304  -5.35192
  138.507  -2.97692
  138.494 -0.589537
  138.338   1.79346
  137.268   4.11982
  137.804   6.53788
  136.978   8.85185
  137.578   11.3052
  137.364   13.6833
  136.912   16.0292
  137.504   18.5449
  137.557   20.9968