  107.507    12.687
  110.705   15.0279
  108.604   16.5862
  112.549   19.2241
  210.066   41.4175
  189.973   40.6564
  208.106   48.5128
  209.211   52.6006
  207.901   56.0854
  205.885   59.3468
  203.913   62.5858
  202.838   66.0955
   202.03   69.7051
   198.28   72.2195
  197.849   75.9567
  196.516   79.3537
  195.558   82.9187
  192.604   85.5865
   191.35   89.0122
   190.66   92.7352
  189.077   96.0314
  187.349    99.253
  185.717   102.531
  184.456   106.037
  182.426   109.098
  181.396   112.796
  179.335   115.853
  177.714   119.215
  176.395   122.818
  175.083   126.472
  173.419   129.903
  172.175   133.706
  170.042   136.835
  167.775   139.865
  167.132   144.355
  165.538   148.085
  162.362   150.369
  160.987     154.4
  160.531   159.467
  157.426    161.89
  155.058   165.104
  154.207   170.088
   152.97   174.787
  149.762   177.231
  148.187   181.736
   147.06   186.976
  143.174   188.665
  141.713   193.724
  139.498    197.88
  127.946   187.954
   126.88   193.666
  122.613   194.399
  118.838   195.863
  117.885   202.313
  117.144   209.537
  115.899   216.241
  70.9171    134.83
  70.6015   140.369
  66.5544   138.053
  64.2992   139.566
  63.8972   145.646
  59.9515   143.158
  56.1982   140.813
  53.8655   142.157
   50.992    141.92
  73.0837   221.759
  69.4313   223.801
  65.9397   226.555
  62.4212   229.449
  57.3609   226.109
  52.0949   221.101
  48.5669   223.727
  43.8724   220.295
  39.4568   217.658
  34.9403   213.524
  31.3024   214.956
  27.2214   212.672
  23.0881   208.794
  19.4864   210.024
  15.6339   207.474
  11.8902   205.228
  8.21293   202.217
  4.66107   202.666
  1.12812   200.378
 -2.31796   197.804
 -5.81687    198.17
 -9.16694   195.954
 -12.4405   193.657
 -15.7026   191.954
 -19.0591   191.463
 -22.1863   189.303
 -25.3247   187.613
 -28.6777   187.424
 -31.5961   184.866
 -34.5925   183.024
 -37.6563    181.67
 -40.7261   180.436
 -43.7147   178.957
 -46.7803   177.838
 -49.8716   176.836
 -52.6999   175.017
 -55.6094   173.534
  -58.594   172.309
 -61.6069   171.173
 -64.4234   169.544
  -67.396    168.33
 -70.0454   166.378
 -72.9932   165.135
  -75.931   163.862
  -79.151   163.141
 -81.5795   160.852
  -84.566   159.647
 -87.3504   158.062
 -91.0384   157.997
 -93.2798    155.47
 -96.3401   154.281
 -99.9434   153.864
 -102.096   151.252
 -105.313   150.175
   -108.3   148.732
 -112.034   148.219
 -113.986   145.378
 -117.041   143.919
 -121.335   143.856
 -122.603   140.253
 -126.057   139.113
  -129.75   138.147
 -134.293   137.948
 -135.612   134.455
 -139.162   133.136
  -142.69   131.717
 -147.883   131.683
 -148.771   127.822
 -152.589   126.441
 -158.662   126.747
 -158.964   122.441
 -163.075   121.035
 -167.533   119.768
 -173.979   119.734
  -173.83   115.148
 -178.816   113.916
 -183.364   112.273
 -190.673   112.119
 -190.661    107.61
 -195.506   105.803
   -203.9   105.693
  -203.16   100.781
 -208.754   98.9722
 -214.415   97.0296
 -224.572    96.857
 -222.967   91.5128
 -229.213   89.3597
 -236.459   87.3891
 -248.425   86.8444
 -244.989   80.8001
 -252.782   78.4402
  -266.59    77.593
 -263.538   71.6651
 -272.331   68.9169
  -281.74   66.0328
   -288.1   62.1813
 -292.891   57.8244
 -303.915   54.4628
 -305.485    49.192
 -300.977   43.0109
 -302.994   37.8532
 -300.129   32.1097
 -251.204   22.2219
 -296.675   21.1555
 -290.908   15.5595
  -288.81   10.3227
 -282.822   5.07858
 -239.866 -0.140805
 -281.498  -4.90511
  -277.22  -9.75616
  -277.28  -14.6681
 -275.035  -19.4407
 -272.659   -24.135
 -264.807  -28.2124
 -268.519  -33.3895
 -225.282  -32.3636
 -262.763  -42.1825
 -259.743  -46.4375
 -258.843  -51.0131
 -256.174   -55.221
 -228.881   -53.813
 -223.024  -56.6661
 -247.197  -67.2206
 -247.334  -71.9603
 -245.465  -76.1497
 -244.218  -80.5159
 -241.615  -84.4283
 -239.611  -88.5102
 -210.412  -82.2932
 -235.841  -96.7147
 -233.979  -100.812
 -232.002  -104.853
 -230.024  -108.887
 -227.166  -112.493
 -226.599  -117.211
  -224.41  -121.142
 -221.013  -124.407
 -219.505  -128.693
 -218.474  -133.295
 -215.075  -136.494
 -212.957  -140.466
 -211.745  -145.057
 -210.397   -149.62
  -206.64  -152.515
 -205.173  -157.058
 -204.303  -162.131
 -200.725  -165.142
 -198.432  -169.178
 -196.932  -173.934
  -196.41  -179.654
 -192.001  -181.948
 -190.013  -186.475
 -189.667   -192.71
 -184.745  -194.462
 -183.078  -199.558
 -181.643  -205.042
 -181.228  -211.851
 -176.201  -213.481
 -174.103   -218.58
 -171.742  -223.493
 -172.731  -232.944
  -166.74  -233.367
 -165.106  -239.754
 -164.301  -247.619
 -157.879  -247.315
 -156.153  -254.196
 -154.677  -261.817
 -153.992  -271.188
 -147.278  -270.366
 -145.168  -277.802
 -143.405  -286.333
 -142.717  -297.574
 -136.031  -296.919
 -133.248   -304.62
 -133.214  -319.225
 -125.029   -315.18
 -49.7894  -138.439
 -46.2534  -136.279
 -44.7259  -139.512
 -41.2171  -137.036
  -37.089  -132.164
 -35.5298  -135.351
 -32.3286  -132.879
  -28.732  -128.399
  -27.022   -131.11
  -24.237  -129.255
 -21.1443  -125.432
 -19.3152  -127.715
 -16.7597  -125.974
  -14.254   -124.06
 -11.6373  -120.659
 -9.74529  -122.646
 -7.46086  -121.069
 -5.12328  -117.954
 -3.18956  -119.861
 -1.04677  -118.113
  1.02275  -116.777
  3.05078   -114.13
  5.03454  -115.423
  6.98811  -114.157
  8.83302  -111.484
  10.8361  -112.649
  12.6948  -111.509
  14.5259  -110.439
  16.1589  -107.948
  18.1811  -108.927
  19.9422  -107.915
  21.4702  -105.692
  23.5062   -106.52
  25.1453  -105.226
  26.8663  -104.445
  28.2586  -102.372
  30.2775  -102.918
  31.8898  -101.884
  33.2515  -100.083
   35.266   -100.48
  36.8864  -99.6047
  38.4522  -98.6092
  39.7813  -97.0279
  41.7594  -97.1722
  43.2323   -96.031
  44.8982  -95.3712
  46.2919  -94.1143
  48.1423  -93.8512
  49.6706   -92.904
  51.0749  -91.7324
  52.8606  -91.2854
  54.4964  -90.5428
  56.1468  -89.8135
   57.393  -88.4156
   59.363  -88.1794
  60.9664  -87.3391
  62.6713  -86.6337
  64.2523  -85.7324
  65.8048  -84.7819
  67.5719  -84.0995
  69.0526  -83.0295
  70.8029  -82.2792
  72.5958  -81.5495
  74.4334  -80.8377
  76.0637  -79.8655
   77.595  -78.7702
  79.5323  -78.0717
  81.2528  -77.1195
  82.6719  -75.8562
   85.143  -75.5422
  86.8569  -74.4878
  88.9781  -73.7518
  90.3055  -72.3146
  92.4523  -71.5194
  94.7766  -70.8069
  96.9817  -69.9456
  98.1437  -68.2915
  100.598  -67.5194
  103.179   -66.764
   104.39  -65.0702
  106.917  -64.1721
   109.53  -63.2555
  112.512  -62.4744
  113.232  -60.3872
    116.2  -59.4743
  119.483  -58.6307
  122.928  -57.7645
  123.461  -55.4785
  126.637   -54.348
  131.104  -53.6539
  131.229  -51.1217
  135.008  -49.9713
  138.904  -48.7451
  143.792   -47.727
  143.816   -45.036
  148.084  -43.6141
  152.802  -42.1816
  158.506    -40.85
  158.076  -37.8824
  163.062  -36.1345
  168.645  -34.3459
  176.427  -32.7749
  175.246  -29.4758
  181.004  -27.2486
  190.381  -25.2954
  188.384  -21.7694
  195.408  -19.1628
  191.601   -15.506
  190.621  -12.1544
  189.506  -8.83836
  188.408  -5.56618
  188.278  -2.33992
  185.667  0.850792
  183.876   3.97608
  180.459   6.96528
  182.731   10.2082
  181.281   13.2317
  106.892   8.92967
  107.714   10.8498